10,242
10,158
10,208
10,222
10,284
10,170
10,238
10,192
11,6
11,28
11,26
11,24
11,25
9,4
9,6
9,2
9,3
8,9
8,11
8,4
8,15
8,2
8,3
12,2
12,1
12,3
55,85
55,84
55,83
55,82
55,81
55,80
55,79
55,78
55,77
55,76
55,75
55,74
55,73
55,72
55,71
55,70
55,69
55,68
55,67
55,66
55,65
55,64
55,36
55,35
55,34
55,33
55,32
55,31
55,30
55,29
55,28
55,27
55,26
55,25
55,24
55,23
55,22
55,20
55,19
55,18
55,17
55,16
55,15
55,14
55,13
55,12
55,11
55,10
55,9
55,8
55,7
55,6
55,5
55,2
55,0
54,7
54,6
54,5
54,4
54,3
54,2
54,1
54,0
53,5
53,4
53,3
53,2
53,1
53,0
50,3
50,2
50,1
50,0
49,3
49,2
49,1
49,0
48,3
48,2
48,1
48,0
47,5
47,4
47,3
47,2
47,1
47,0
46,4
19,2
46,1
19,1
